Training information

epoch, accuracy, MSE, prec. label 0,prec. label 1,prec. label 2,prec. label 3,prec. label 4,prec. label 5,prec. label 6,prec. label 7,prec. label 8,prec. label 9
0,0.6246333333333334, 0.08267330268732957, 1.0,1.0,0.98,0.98,0.99,0.98,1.0,0.99,0.99,0.97
1,0.7803666666666667, 0.05061869087305826, 1.0,1.0,0.99,0.98,0.99,0.99,1.0,0.99,0.99,0.98
2,0.81225, 0.045461095857994335, 1.0,0.99,0.99,0.99,0.99,0.99,1.0,0.99,0.99,0.98
3,0.8271, 0.04253989582772673, 1.0,1.0,0.99,0.98,0.98,0.99,1.0,0.99,0.99,0.98
4,0.8388333333333333, 0.03988649192025506, 1.0,0.99,0.99,0.98,0.99,0.99,1.0,0.99,0.99,0.98
5,0.84905, 0.03858613089356162, 1.0,1.0,0.99,0.98,0.99,0.99,1.0,0.99,0.99,0.98
6,0.8551666666666666, 0.0368131800564126, 1.0,1.0,0.99,0.99,0.99,0.99,0.99,0.99,0.99,0.98
7,0.8626833333333334, 0.03590387751809172, 1.0,0.99,0.99,0.98,0.99,0.99,1.0,0.99,0.99,0.98
8,0.8648833333333333, 0.035604027987579306, 1.0,1.0,0.99,0.98,0.99,0.99,1.0,0.99,0.99,0.98
9,0.8704666666666667, 0.03462515473660151, 1.0,0.99,0.99,0.98,0.99,0.99,1.0,0.99,0.99,0.98
10,0.8714, 0.03364381509466551, 1.0,1.0,0.99,0.99,0.98,0.99,1.0,0.99,0.99,0.98
11,0.8756166666666667, 0.03338592572290164, 1.0,1.0,0.99,0.99,0.99,0.99,1.0,0.99,0.99,0.98
12,0.8781666666666667, 0.03290894946118902, 1.0,0.99,0.99,0.99,0.98,0.99,1.0,0.99,0.99,0.98
13,0.8803, 0.032259940052172434, 1.0,0.99,0.99,0.99,0.99,0.99,1.0,0.99,0.99,0.98
14,0.8829666666666667, 0.03143481895881274, 1.0,1.0,0.99,0.99,0.99,0.99,1.0,0.99,0.99,0.98
15,0.8838666666666667, 0.03140858688715937, 1.0,1.0,0.99,0.98,0.98,0.99,1.0,0.99,0.99,0.99
16,0.8857833333333334, 0.03051504615107245, 1.0,1.0,0.99,0.99,0.99,0.99,1.0,0.99,0.99,0.98
17,0.88775, 0.030335490626837797, 1.0,0.99,0.99,0.99,0.99,0.99,1.0,0.99,0.99,0.99
18,0.88965, 0.029937746719302043, 1.0,1.0,0.99,0.99,0.99,0.99,1.0,0.99,0.99,0.98
19,0.8907333333333334, 0.02977400093053816, 1.0,1.0,0.99,0.99,0.99,0.99,1.0,0.99,0.99,0.99
20,0.8927, 0.02935262330980525, 1.0,0.99,0.99,0.99,0.99,0.99,1.0,0.99,0.99,0.99
21,0.8945666666666666, 0.028585241261285213, 1.0,1.0,0.99,0.99,0.99,0.99,1.0,0.99,0.99,0.99
22,0.8955, 0.028495262103481682, 1.0,0.99,0.99,0.99,0.99,0.99,1.0,0.99,0.99,0.99
23,0.8973666666666666, 0.02805483489674334, 1.0,1.0,0.99,0.99,0.99,0.99,1.0,0.99,0.99,0.99
24,0.8967166666666667, 0.02801944232813678, 1.0,1.0,0.99,0.99,0.99,0.99,1.0,0.99,0.99,0.99
25,0.8989, 0.02751117014504449, 1.0,1.0,0.99,0.98,0.99,0.99,1.0,0.99,0.99,0.99
26,0.9027666666666667, 0.027502970075217677, 1.0,1.0,0.99,0.99,0.99,0.99,1.0,0.99,0.99,0.99
27,0.9028166666666667, 0.027188536497942516, 1.0,1.0,0.99,0.99,0.99,0.99,1.0,0.99,0.99,0.99
28,0.90325, 0.026777721354450976, 1.0,0.99,0.99,0.99,0.99,0.99,1.0,0.99,0.99,0.99
29,0.9049333333333334, 0.026882155761952218, 1.0,1.0,0.99,0.99,0.99,0.99,1.0,0.99,0.99,0.99
30,0.9059333333333334, 0.026435913719932865, 1.0,1.0,0.99,0.99,0.99,0.99,1.0,0.99,0.99,0.99
31,0.9062333333333333, 0.026279886976559762, 1.0,1.0,0.99,0.99,0.99,0.99,1.0,0.99,1.0,0.98
32,0.90755, 0.025631498368936415, 1.0,1.0,0.99,0.99,0.99,0.99,1.0,0.99,0.99,0.99
33,0.9072333333333333, 0.026101629754097525, 1.0,1.0,0.99,0.99,0.99,0.99,1.0,0.99,0.99,0.99
34,0.9091833333333333, 0.025712668995096916, 1.0,1.0,0.99,0.99,0.99,0.99,1.0,0.99,0.99,0.99
35,0.9098, 0.025218879312146027, 1.0,1.0,0.99,0.99,0.99,0.99,1.0,0.99,1.0,0.99
36,0.9110666666666667, 0.025201624962879286, 1.0,1.0,0.99,0.99,0.99,0.99,1.0,0.99,1.0,0.99
37,0.9116166666666666, 0.025144763907808895, 1.0,1.0,0.99,0.99,0.99,0.99,1.0,1.0,0.99,0.99
38,0.91235, 0.024984568818812405, 1.0,1.0,0.99,0.99,0.99,0.99,1.0,0.99,0.99,0.99
39,0.9133166666666667, 0.02448172564818654, 1.0,1.0,0.99,0.99,0.99,0.99,1.0,1.0,0.99,0.99
40,0.9132166666666667, 0.024687717010322012, 1.0,1.0,0.99,0.99,0.99,0.99,1.0,0.99,0.99,0.99
41,0.9148333333333334, 0.024175963798213677, 1.0,1.0,0.99,0.99,0.99,0.99,1.0,0.99,0.99,0.99
42,0.9154166666666667, 0.023844795885621516, 1.0,1.0,0.99,0.99,0.99,0.99,1.0,0.99,1.0,0.99
43,0.9154, 0.02408128437197121, 1.0,1.0,0.99,0.99,0.99,0.99,1.0,0.99,0.99,0.99
44,0.9174833333333333, 0.0236307100940987, 1.0,1.0,0.99,0.99,0.99,0.99,1.0,0.99,0.99,0.99
45,0.91525, 0.02444347933763552, 1.0,1.0,0.99,0.99,0.99,0.99,1.0,0.99,0.99,0.99
46,0.9162333333333333, 0.023990005899777435, 1.0,1.0,0.99,0.99,0.99,0.99,1.0,0.99,0.99,0.99
47,0.9181666666666667, 0.023664445551820977, 1.0,1.0,0.99,0.99,0.99,0.99,1.0,0.99,0.99,0.99
48,0.9176166666666666, 0.023246394583183384, 1.0,1.0,0.99,0.99,0.99,0.99,1.0,1.0,0.99,0.99
49,0.9193333333333333, 0.02285773291385233, 1.0,1.0,0.99,0.99,0.99,0.99,1.0,0.99,0.99,0.99
Test information

accuracy, mse, prec. label 0,prec. label 1,prec. label 2,prec. label 3,prec. label 4,prec. label 5,prec. label 6,prec. label 7,prec. label 8,prec. label 9
0.8971, 0.04195846213499951, 0.99,0.99,0.98,0.99,0.98,0.96,0.99,0.98,0.99,0.96
