Training information

epoch, type, accuracy, MSE, prec. label 0,prec. label 1,prec. label 2,prec. label 3,prec. label 4,prec. label 5,prec. label 6,prec. label 7,prec. label 8,prec. label 9
0, train, 0.518699864569226, 0.10045037645932754, 1.0,1.0,0.99,0.98,0.99,0.99,1.0,0.99,0.99,0.98
0, val, 0.5812578092461474, 0.07793102660031476, 1.0,0.99,1.0,0.94,1.0,1.0,0.99,0.98,0.96,0.98
1, train, 0.7439733305552662, 0.04990156765099596, 1.0,1.0,0.99,0.99,0.99,0.99,1.0,0.99,0.99,0.99
1, val, 0.7434402332361516, 0.048605448089362985, 1.0,1.0,1.0,0.99,0.99,1.0,1.0,1.0,0.98,0.99
2, train, 0.7973330555266174, 0.03817151290116184, 1.0,1.0,0.99,0.99,0.99,1.0,1.0,1.0,1.0,0.99
2, val, 0.8071636817992504, 0.036999285983822114, 1.0,1.0,1.0,0.99,0.99,1.0,1.0,1.0,1.0,0.99
3, train, 0.8224190019793729, 0.031136418258188744, 1.0,1.0,1.0,0.99,0.99,1.0,1.0,1.0,1.0,0.99
3, val, 0.8269887546855477, 0.035154833541307544, 1.0,1.0,1.0,0.99,0.99,1.0,1.0,1.0,1.0,0.99
4, train, 0.842858631107407, 0.026660551900628115, 1.0,1.0,1.0,0.99,0.99,1.0,1.0,1.0,1.0,1.0
4, val, 0.8440649729279467, 0.032337869097435815, 1.0,1.0,1.0,0.99,0.99,1.0,1.0,1.0,0.99,0.99
5, train, 0.8583810813626419, 0.023341363827883838, 1.0,1.0,1.0,1.0,1.0,1.0,1.0,1.0,1.0,0.99
5, val, 0.8632236568096626, 0.029092025738785342, 1.0,0.99,1.0,0.99,0.99,0.99,1.0,1.0,1.0,0.99
6, train, 0.8713616001666841, 0.020691933187769372, 1.0,1.0,1.0,0.99,1.0,1.0,1.0,1.0,1.0,1.0
6, val, 0.863390254060808, 0.027286732941169758, 1.0,1.0,1.0,0.99,0.99,0.99,1.0,0.99,1.0,0.99
7, train, 0.8789040525054693, 0.01862102002562952, 1.0,1.0,1.0,1.0,1.0,1.0,1.0,1.0,1.0,1.0
7, val, 0.85847563515202, 0.029786920227707257, 1.0,0.99,0.99,0.99,0.99,1.0,1.0,1.0,1.0,0.99
8, train, 0.8876341285550579, 0.017001695833404357, 1.0,1.0,1.0,1.0,1.0,1.0,1.0,1.0,1.0,1.0
8, val, 0.8514785506039151, 0.03059169865641172, 1.0,1.0,0.99,0.98,0.99,1.0,1.0,1.0,1.0,0.99
9, train, 0.8952182519012397, 0.015681082917772718, 1.0,1.0,1.0,1.0,1.0,1.0,1.0,1.0,1.0,1.0
9, val, 0.868554768846314, 0.027185076224849013, 1.0,1.0,0.99,1.0,1.0,0.99,1.0,1.0,0.99,0.99
10, train, 0.8996978851963746, 0.014156026592329236, 1.0,1.0,1.0,1.0,1.0,1.0,1.0,1.0,1.0,1.0
10, val, 0.8827155351936693, 0.02523745757481816, 1.0,1.0,1.0,0.99,1.0,0.99,1.0,0.99,1.0,0.99
11, train, 0.9064069173872278, 0.013005934482230636, 1.0,1.0,1.0,1.0,1.0,1.0,1.0,1.0,1.0,1.0
11, val, 0.8812161599333611, 0.025178893041077486, 1.0,0.99,1.0,0.99,1.0,1.0,1.0,1.0,1.0,0.99
12, train, 0.9108240441712678, 0.012119929285844851, 1.0,1.0,1.0,1.0,1.0,1.0,1.0,1.0,1.0,1.0
12, val, 0.884881299458559, 0.02374450145274217, 1.0,0.99,1.0,0.99,0.99,0.99,1.0,1.0,1.0,0.99
13, train, 0.9150744869257215, 0.011200710239569365, 1.0,1.0,1.0,1.0,1.0,1.0,1.0,1.0,1.0,1.0
13, val, 0.8876301541024573, 0.025532772574076445, 1.0,0.99,1.0,0.99,0.99,0.99,1.0,0.99,1.0,0.99
14, train, 0.9201583498281071, 0.010332521341079797, 1.0,1.0,1.0,1.0,1.0,1.0,1.0,1.0,1.0,1.0
14, val, 0.8915451895043732, 0.023823100298821842, 1.0,1.0,1.0,0.99,1.0,0.99,1.0,0.99,1.0,0.99
15, train, 0.9244087925825607, 0.00962576141199381, 1.0,1.0,1.0,1.0,1.0,1.0,1.0,1.0,1.0,1.0
15, val, 0.8923781757600999, 0.02406332045362578, 1.0,1.0,1.0,0.99,1.0,0.99,1.0,0.99,1.0,0.99
16, train, 0.9262214814043129, 0.008886201323395085, 1.0,1.0,1.0,1.0,1.0,1.0,1.0,1.0,1.0,1.0
16, val, 0.8854643898375677, 0.02569423333553793, 1.0,1.0,1.0,0.98,0.99,1.0,1.0,0.99,1.0,0.99
17, train, 0.9293884779664549, 0.008493575177875103, 1.0,1.0,1.0,1.0,1.0,1.0,1.0,1.0,1.0,1.0
17, val, 0.8920449812578093, 0.024865827423264587, 1.0,1.0,0.99,0.99,0.99,0.99,1.0,0.99,1.0,0.99
18, train, 0.9334097301802271, 0.007948753447976081, 1.0,1.0,1.0,1.0,1.0,1.0,1.0,1.0,1.0,1.0
18, val, 0.8953769262807164, 0.024651655266861104, 1.0,0.99,0.99,0.99,0.99,0.99,1.0,0.99,1.0,0.99
19, train, 0.9356391290759454, 0.007453233950728106, 1.0,1.0,1.0,1.0,1.0,1.0,1.0,1.0,1.0,1.0
19, val, 0.8973760932944607, 0.024056530884180992, 1.0,1.0,0.99,0.99,1.0,0.99,1.0,0.99,1.0,0.99
20, train, 0.940993853526409, 0.006848707647582477, 1.0,1.0,1.0,1.0,1.0,1.0,1.0,1.0,1.0,1.0
20, val, 0.8984589754269054, 0.023374313419299218, 1.0,1.0,1.0,0.99,0.99,0.99,1.0,1.0,1.0,0.99
21, train, 0.9415564121262632, 0.006586758141469541, 1.0,1.0,1.0,1.0,1.0,1.0,1.0,1.0,1.0,1.0
21, val, 0.9006247396917951, 0.02352555954854215, 1.0,0.99,1.0,0.99,0.99,0.99,1.0,1.0,1.0,0.99
22, train, 0.9461818939472861, 0.006180671112665628, 1.0,1.0,1.0,1.0,1.0,1.0,1.0,1.0,1.0,1.0
22, val, 0.8976259891711786, 0.02374496757161542, 1.0,1.0,0.99,0.99,1.0,0.99,1.0,0.99,1.0,0.99
23, train, 0.9475570371913741, 0.0058768626307851195, 1.0,1.0,1.0,1.0,1.0,1.0,1.0,1.0,1.0,1.0
23, val, 0.899875052061641, 0.023255043232283192, 1.0,0.99,0.99,0.99,0.99,0.99,1.0,0.99,1.0,0.99
24, train, 0.9511199083237837, 0.005515965022711423, 1.0,1.0,1.0,1.0,1.0,1.0,1.0,1.0,1.0,1.0
24, val, 0.8994585589337776, 0.02371699366527287, 1.0,0.99,0.99,0.99,1.0,0.99,1.0,0.99,1.0,0.99
25, train, 0.9527867486196478, 0.005240547545817916, 1.0,1.0,1.0,1.0,1.0,1.0,1.0,1.0,1.0,1.0
25, val, 0.9038733860891295, 0.023457627667765536, 1.0,0.99,0.99,0.99,1.0,0.99,1.0,0.99,1.0,0.99
26, train, 0.956245442233566, 0.005035965597529682, 1.0,1.0,1.0,1.0,1.0,1.0,1.0,1.0,1.0,1.0
26, val, 0.9032902957101208, 0.023264602000133094, 1.0,0.99,1.0,0.99,0.99,0.99,1.0,0.99,1.0,1.0
27, train, 0.9573705594332743, 0.0049228584644385375, 1.0,1.0,1.0,1.0,1.0,1.0,1.0,1.0,1.0,1.0
27, val, 0.9032069970845481, 0.023369919246884474, 1.0,1.0,0.99,0.99,1.0,0.99,1.0,0.99,1.0,0.99
28, train, 0.9594541098031045, 0.004669972749140986, 1.0,1.0,1.0,1.0,1.0,1.0,1.0,1.0,1.0,1.0
28, val, 0.906872136609746, 0.022803130616450704, 1.0,0.99,1.0,0.99,1.0,0.99,1.0,0.99,1.0,0.99
29, train, 0.9624544223356599, 0.004484933366345002, 1.0,1.0,1.0,1.0,1.0,1.0,1.0,1.0,1.0,1.0
29, val, 0.906872136609746, 0.02272946175575623, 1.0,0.99,0.99,0.99,0.99,0.99,1.0,0.99,1.0,0.99
30, train, 0.9650588602979477, 0.004361589555703887, 1.0,1.0,1.0,1.0,1.0,1.0,1.0,1.0,1.0,1.0
30, val, 0.902207413577676, 0.02333653873574636, 1.0,1.0,1.0,0.99,0.99,0.99,1.0,0.99,0.99,0.99
31, train, 0.9669132201270966, 0.004247772129829835, 1.0,1.0,1.0,1.0,1.0,1.0,1.0,1.0,1.0,1.0
31, val, 0.9070387338608913, 0.022528495795066328, 1.0,1.0,1.0,0.99,0.99,0.99,1.0,0.99,1.0,0.99
32, train, 0.9688300864673404, 0.004149936740686288, 1.0,1.0,1.0,1.0,1.0,1.0,1.0,1.0,1.0,1.0
32, val, 0.9062057476051645, 0.022880416627426972, 1.0,1.0,0.99,1.0,0.99,0.99,1.0,0.99,0.99,0.99
33, train, 0.9704552557558079, 0.00404697591027686, 1.0,1.0,1.0,1.0,1.0,1.0,1.0,1.0,1.0,1.0
33, val, 0.9075385256143274, 0.023034704306350993, 1.0,0.99,0.99,0.99,0.99,0.99,1.0,0.99,1.0,0.99
34, train, 0.972747161162621, 0.003960428305574358, 1.0,1.0,1.0,1.0,1.0,1.0,1.0,1.0,1.0,1.0
34, val, 0.9082882132444815, 0.02285088122527418, 1.0,1.0,0.99,0.99,1.0,0.99,1.0,0.99,0.99,0.99
35, train, 0.973913949369726, 0.0039052289355178404, 1.0,1.0,1.0,1.0,1.0,1.0,1.0,1.0,1.0,1.0
35, val, 0.9055393586005831, 0.023140332808718793, 1.0,1.0,0.99,0.99,0.99,0.99,1.0,0.99,0.99,0.99
36, train, 0.9743098239399938, 0.003861182525722374, 1.0,1.0,1.0,1.0,1.0,1.0,1.0,1.0,1.0,1.0
36, val, 0.9107038733860892, 0.02248769890910205, 1.0,0.99,0.99,0.99,0.99,0.99,1.0,0.99,1.0,0.99
37, train, 0.9767684133763934, 0.0037881539644120383, 1.0,1.0,1.0,1.0,1.0,1.0,1.0,1.0,1.0,1.0
37, val, 0.9100374843815077, 0.02298711513907358, 1.0,0.99,0.99,0.99,1.0,0.99,1.0,0.99,0.99,0.99
38, train, 0.9762058547765392, 0.0037499881076323797, 1.0,1.0,1.0,1.0,1.0,1.0,1.0,1.0,1.0,1.0
38, val, 0.9107038733860892, 0.022393556081242126, 1.0,0.99,1.0,0.99,0.99,0.99,1.0,0.99,1.0,0.99
39, train, 0.9782685696426711, 0.0036795930179796045, 1.0,1.0,1.0,1.0,1.0,1.0,1.0,1.0,1.0,1.0
39, val, 0.9098708871303623, 0.022907654061530263, 1.0,0.99,0.99,0.99,0.99,0.99,1.0,0.99,1.0,0.99
40, train, 0.9779352015834982, 0.003658836285182001, 1.0,1.0,1.0,1.0,1.0,1.0,1.0,1.0,1.0,1.0
40, val, 0.9115368596418159, 0.0229224926102384, 1.0,1.0,0.99,0.99,1.0,0.99,1.0,0.99,1.0,0.99
41, train, 0.9779977080945932, 0.0035981864564298654, 1.0,1.0,1.0,1.0,1.0,1.0,1.0,1.0,1.0,1.0
41, val, 0.9107038733860892, 0.0223892941208372, 1.0,1.0,0.99,0.99,0.99,0.99,1.0,0.99,1.0,0.99
42, train, 0.9788519637462235, 0.003553547119174878, 1.0,1.0,1.0,1.0,1.0,1.0,1.0,1.0,1.0,1.0
42, val, 0.9121199500208247, 0.022598987716408357, 1.0,1.0,0.99,0.99,0.99,0.99,1.0,0.99,1.0,0.99
43, train, 0.9790394832795083, 0.0034839851213561966, 1.0,1.0,1.0,1.0,1.0,1.0,1.0,1.0,1.0,1.0
43, val, 0.9096209912536443, 0.022630500551314135, 1.0,1.0,0.99,0.99,0.99,0.99,1.0,0.99,1.0,0.99
44, train, 0.9811647046567351, 0.003418777943975645, 1.0,1.0,1.0,1.0,1.0,1.0,1.0,1.0,1.0,1.0
44, val, 0.9123698458975427, 0.022579557019021878, 1.0,0.99,0.99,0.99,0.99,0.99,1.0,0.99,1.0,0.99
45, train, 0.9831649130117721, 0.0033618626286562267, 1.0,1.0,1.0,1.0,1.0,1.0,1.0,1.0,1.0,1.0
45, val, 0.9119533527696793, 0.02260859630214456, 1.0,1.0,0.99,0.99,0.99,0.99,1.0,0.99,0.99,0.99
46, train, 0.9831232420043755, 0.0033265593751640623, 1.0,1.0,1.0,1.0,1.0,1.0,1.0,1.0,1.0,1.0
46, val, 0.9130362349021242, 0.022756345839356252, 1.0,0.99,1.0,0.99,0.99,0.99,1.0,0.99,1.0,0.99
47, train, 0.9840816751744973, 0.0032838713365846255, 1.0,1.0,1.0,1.0,1.0,1.0,1.0,1.0,1.0,1.0
47, val, 0.9123698458975427, 0.022807343891656978, 1.0,1.0,0.99,0.99,0.99,0.99,1.0,0.99,1.0,0.99
48, train, 0.9849776018335243, 0.0032594722693187698, 1.0,1.0,1.0,1.0,1.0,1.0,1.0,1.0,1.0,1.0
48, val, 0.9133694294044148, 0.02246869240961444, 1.0,1.0,0.99,0.99,0.99,0.99,1.0,0.99,1.0,0.99
49, train, 0.9852067923742056, 0.0032294410994634475, 1.0,1.0,1.0,1.0,1.0,1.0,1.0,1.0,1.0,1.0
49, val, 0.9127030403998334, 0.022609003804103075, 1.0,1.0,0.99,0.99,0.99,0.99,1.0,0.99,0.99,0.99
Test information

accuracy, mse, prec. label 0,prec. label 1,prec. label 2,prec. label 3,prec. label 4,prec. label 5,prec. label 6,prec. label 7,prec. label 8,prec. label 9
0.9145, 0.02089959976964928, 1.0,1.0,1.0,1.0,1.0,0.99,1.0,0.99,1.0,0.99